-9.877654910087585449e-01
1.024804115295410156e+00
-9.878168702125549316e-01
9.997673630714416504e-01
-1.013072133064270020e+00
9.744552373886108398e-01
-1.012930750846862793e+00
1.000469088554382324e+00
-9.866527318954467773e-01
1.026924371719360352e+00
-9.868599176406860352e-01
9.997470378875732422e-01
-1.013992667198181152e+00
9.724373817443847656e-01
-1.013942480087280273e+00
1.024857759475708008e+00
-9.754280447959899902e-01
1.025010585784912109e+00
-1.000200867652893066e+00
9.746098518371582031e-01
-1.025850534439086914e+00
9.742200374603271484e-01
-1.000115990638732910e+00
1.026726007461547852e+00
-9.733861684799194336e-01
1.027050018310546875e+00
-1.000243186950683594e+00
9.726111888885498047e-01
-1.027781844139099121e+00
9.725324511528015137e-01
-9.877378940582275391e-01
1.025150775909423828e+00
-9.873070716857910156e-01
1.000772953033447266e+00
-1.012533426284790039e+00
9.743874073028564453e-01
-1.013503313064575195e+00
9.993839263916015625e-01
-9.872478246688842773e-01
1.026889204978942871e+00
-9.863206148147583008e-01
1.000681400299072266e+00
-1.013548731803894043e+00
9.728354811668395996e-01
-1.013841629028320312e+00
9.999296665191650391e-01
-1.000044226646423340e+00
1.000917196273803711e+00
-9.992474317550659180e-01
1.001190185546875000e+00
-1.000113010406494141e+00
9.990124702453613281e-01
-1.001240253448486328e+00
9.991261363029479980e-01
-1.000060319900512695e+00
1.001095652580261230e+00
-9.993421435356140137e-01
1.000857591629028320e+00
-1.000003457069396973e+00
1.000050544738769531e+00
-1.012944817543029785e+00
9.748503565788269043e-01
-1.012369632720947266e+00
1.001253604888916016e+00
-9.867232441902160645e-01
1.025957107543945312e+00
-9.878218770027160645e-01
9.987778067588806152e-01
-1.013948798179626465e+00
9.736177921295166016e-01
-1.013017773628234863e+00
1.001063823699951172e+00
-9.862263202667236328e-01
1.027344226837158203e+00
-9.866593480110168457e-01
9.744701981544494629e-01
-1.025876164436340332e+00
9.744601845741271973e-01
-1.000017881393432617e+00
1.026027560234069824e+00
-9.742071628570556641e-01
1.026059865951538086e+00
-1.000242710113525391e+00
9.737759828567504883e-01
-1.026553511619567871e+00
9.735373258590698242e-01
-1.000179290771484375e+00
1.026780724525451660e+00
-9.733792543411254883e-01
1.027007341384887695e+00
-1.013010501861572266e+00
9.740328788757324219e-01
-1.013595461845397949e+00
9.990253448486328125e-01
-9.877718687057495117e-01
1.026134371757507324e+00
-9.863851666450500488e-01
1.001646757125854492e+00
-1.012479066848754883e+00
9.738397598266601562e-01
-1.014021158218383789e+00
9.988856315612792969e-01
-9.874206781387329102e-01
1.026550531387329102e+00
-9.867087006568908691e-01
1.000237584114074707e+00
-1.000328660011291504e+00
9.991589188575744629e-01
-1.001266241073608398e+00
9.989005327224731445e-01
-1.000145673751831055e+00
1.001664161682128906e+00
-9.985559582710266113e-01
1.001841425895690918e+00
-1.000035881996154785e+00
9.988741874694824219e-01
-1.001332759857177734e+00
9.991360902786254883e-01
-1.000257730484008789e+00
1.000380635261535645e+00
-9.867901802062988281e-01
1.026531457901000977e+00
-9.873242974281311035e-01
9.991098642349243164e-01
-1.013902664184570312e+00
9.738707542419433594e-01
-1.012445569038391113e+00
1.001773118972778320e+00
-9.861857891082763672e-01
1.026379346847534180e+00
-9.877138137817382812e-01
9.990114569664001465e-01
-1.013551831245422363e+00
9.742058515548706055e-01
-1.012888073921203613e+00
1.026914477348327637e+00
-9.734065532684326172e-01
1.026937484741210938e+00
-9.999696016311645508e-01
9.737253785133361816e-01
-1.026547193527221680e+00
9.737570285797119141e-01
-1.000201582908630371e+00
1.026271581649780273e+00
-9.740816950798034668e-01
1.026069760322570801e+00
-1.000089883804321289e+00
9.744567275047302246e-01
-1.025773763656616211e+00
9.746124744415283203e-01
-9.866964221000671387e-01
1.027276158332824707e+00
-9.861936569213867188e-01
1.001187562942504883e+00
-1.012991070747375488e+00
9.734978675842285156e-01
-1.014081358909606934e+00
9.987039566040039062e-01
-9.878352284431457520e-01
1.025937676429748535e+00
-9.868205785751342773e-01
1.001061797142028809e+00
-1.012461662292480469e+00
9.748898148536682129e-01
-1.012873530387878418e+00
9.999291300773620605e-01
-1.000093579292297363e+00
1.000825047492980957e+00
-9.993426799774169922e-01
1.001016736030578613e+00
-1.000191330909729004e+00
9.988634586334228516e-01
-1.001337051391601562e+00
9.989203214645385742e-01
-1.000185012817382812e+00
1.000974774360656738e+00
-9.994353652000427246e-01
1.000766158103942871e+00
-1.000047445297241211e+00
9.999890923500061035e-01
-1.013939499855041504e+00
9.727351665496826172e-01
-1.013555765151977539e+00
1.000676989555358887e+00
-9.863777756690979004e-01
1.026768326759338379e+00
-9.873254299163818359e-01
9.993497133255004883e-01
-1.013488650321960449e+00
9.744064211845397949e-01
-1.012598752975463867e+00
1.000625848770141602e+00
-9.873526692390441895e-01
1.025188803672790527e+00
-9.876859188079833984e-01
9.724780321121215820e-01
-1.027782201766967773e+00
9.726201891899108887e-01
-1.000187277793884277e+00
1.027130603790283203e+00
-9.733524322509765625e-01
1.026813030242919922e+00
-1.000039696693420410e+00
9.744453430175781250e-01
-1.025714397430419922e+00
9.747315645217895508e-01
-1.000149607658386230e+00
1.025052428245544434e+00
-9.753672480583190918e-01
1.024924635887145996e+00
-1.013961553573608398e+00
9.724438786506652832e-01
-1.014001488685607910e+00
9.998610019683837891e-01
-9.867666959762573242e-01
1.027015447616577148e+00
-9.865747690200805664e-01
1.000656247138977051e+00
-1.012752413749694824e+00
9.746581315994262695e-01
-1.012977242469787598e+00
9.998673796653747559e-01
-9.877730011940002441e-01
1.024906158447265625e+00
-9.877193570137023926e-01
